Evaluation results (test set):
roc_auc: 0.99921875
precision: 1.0
recall: 0.953125
f1: 0.976
confusion_matrix: [[40, 0], [3, 61]]
